0 0.785701
1 0.782033
2 0.778382
3 0.774747
4 0.771130
5 0.767530
6 0.763946
7 0.760379
8 0.756829
9 0.753295
10 0.749778
11 0.746278
12 0.742793
13 0.739325
14 0.735873
15 0.732437
16 0.729018
17 0.725614
18 0.722226
19 0.718854
20 0.715498
21 0.712157
22 0.708832
23 0.705522
24 0.702228
25 0.698950
26 0.695686
27 0.692438
28 0.689205
29 0.685987
30 0.682784
31 0.679596
32 0.676423
33 0.673265
34 0.670122
35 0.666993
36 0.663879
37 0.660779
38 0.657694
39 0.654623
40 0.651567
41 0.648524
42 0.645496
43 0.642483
44 0.639483
45 0.636497
46 0.633525
47 0.630567
48 0.627623
49 0.624693
50 0.621776
51 0.618873
52 0.615984
53 0.613108
54 0.610245
55 0.607396
56 0.607395
57 0.597564
58 0.594774
59 0.591997
60 0.589233
61 0.586482
62 0.583743
63 0.581018
64 0.578305
65 0.575605
66 0.572918
67 0.569984
68 0.567323
69 0.564674
70 0.562037
71 0.559413
72 0.556801
73 0.554202
74 0.551614
75 0.549039
76 0.546475
77 0.543924
78 0.541384
79 0.538856
80 0.536341
81 0.533836
82 0.531344
83 0.528863
84 0.526394
85 0.523936
86 0.521490
87 0.519055
88 0.516631
89 0.514219
90 0.511818
91 0.509429
92 0.507050
93 0.504683
94 0.502326
95 0.499981
96 0.497647
97 0.495323
98 0.493011
99 0.490709
100 0.488418
101 0.486137
102 0.483867
103 0.481608
104 0.479360
105 0.477121
106 0.474894
107 0.472676
108 0.470470
109 0.468273
110 0.466087
111 0.463910
112 0.461744
113 0.459589
114 0.457443
115 0.455307
116 0.453181
117 0.201987
118 0.199122
119 0.198193
120 0.197267
121 0.196346
122 0.195429
123 0.194517
124 0.193609
125 0.192705
126 0.191805
127 0.190910
128 0.190018
129 0.189131
130 0.188248
131 0.187369
132 0.186494
133 0.185623
134 0.184757
135 0.183894
136 0.183036
137 0.182181
138 0.181248
139 0.180402
140 0.179560
141 0.178721
142 0.177887
143 0.177056
144 0.176230
145 0.175407
146 0.174588
147 0.173773
148 0.172961
149 0.172154
150 0.171350
151 0.170550
152 0.169754
153 0.168961
154 0.168172
155 0.167387
156 0.166605
157 0.165828
158 0.165053
159 0.164283
160 0.163516
161 0.160869
162 0.160118
163 0.159370
164 0.158626
165 0.157886
166 0.157148
167 0.156415
168 0.155684
169 0.154957
170 0.154234
171 0.153514
172 0.152797
173 0.152084
174 0.151374
175 0.150667
176 0.149963
177 0.149263
178 0.148566
179 0.147873
180 0.147182
181 0.146429
182 0.145745
183 0.145745
184 0.145064
185 0.144387
186 0.143713
187 0.143042
188 0.142374
189 0.141709
190 0.141048
191 0.140389
192 0.139734
193 0.139081
194 0.138432
195 0.137786
196 0.137142
197 0.136502
198 0.135865
199 0.135230
200 0.134599
201 0.133971
202 0.133345
203 0.132722
204 0.132103
205 0.168157
206 0.165286
207 0.162941
208 0.162597
209 0.163359
210 0.162597
211 0.161837
212 0.161082
213 0.160330
214 0.157735
215 0.156998
216 0.156265
217 0.155536
218 0.154809
219 0.154087
220 0.153367
221 0.152651
222 0.151938
223 0.151229
224 0.150523
225 0.149820
226 0.149121
227 0.148424
228 0.148424
229 0.077725
230 0.077327
231 0.076966
232 0.076606
233 0.076249
234 0.075893
235 0.075538
236 0.075538
237 0.075186
238 0.074835
239 0.074485
240 0.073429
241 0.073086
242 0.073086
243 0.073086
244 0.071838
245 0.070675
246 0.070345
247 0.070692
248 0.069485
249 0.069160
250 0.068838
251 0.068516
252 0.068196
253 0.067878
254 0.067847
255 0.071030
256 0.070698
257 0.070368
258 0.070040
259 0.070040
260 0.069713
261 0.069387
262 0.069063
263 0.068741
264 0.068420
265 0.068100
266 0.068100
267 0.068898
268 0.068576
269 0.067603
270 0.067920
271 0.067603
272 0.067287
273 0.066138
274 0.065830
275 0.065522
276 0.065216
277 0.064912
278 0.064609
279 0.064307
280 0.064007
281 0.063708
282 0.063411
283 0.063114
284 0.062791
285 0.062498
286 0.062206
287 0.061916
288 0.061627
289 0.061339
290 0.061339
291 0.061053
292 0.060768
293 0.060484
294 0.060201
295 0.059920
296 0.059641
297 0.059362
298 0.059085
299 0.058809
300 0.058535
301 0.058261
302 0.057989
303 0.057989
304 0.057718
305 0.057449
306 0.057181
307 0.056914
308 0.057554
309 0.057285
310 0.057018
311 0.056752
312 0.056487
313 0.056223
314 0.055960
315 0.055699
316 0.055439
317 0.055180
318 0.054238
319 0.053985
320 0.053111
321 0.053111
322 0.052863
323 0.052863
324 0.052863
325 0.052839
326 0.052592
327 0.052347
328 0.052102
329 0.051859
330 0.051617
331 0.051617
332 0.051617
333 0.051376
334 0.051376
335 0.051376
336 0.051136
337 0.050897
338 0.050660
339 0.054052
340 0.053799
341 0.053548
342 0.053298
343 0.053298
344 0.053049
345 0.056964
346 0.056698
347 0.056433
348 0.056170
349 0.055908
350 0.056040
351 0.055778
352 0.055518
353 0.055259
354 0.064781
355 0.064479
356 0.064929
357 0.064626
358 0.064324
359 0.064024
360 0.063725
361 0.063754
362 0.063456
363 0.063160
364 0.062865
365 0.062572
366 0.062279
367 0.062279
368 0.061989
369 0.061699
370 0.061411
371 0.061180
372 0.061180
373 0.060867
374 0.060839
375 0.060839
376 0.060555
377 0.060272
378 0.059991
379 0.059711
380 0.059405
381 0.059128
382 0.058851
383 0.058577
384 0.058303
385 0.058031
386 0.057760
387 0.057490
388 0.057222
389 0.056955
390 0.056689
391 0.056424
392 0.055461
393 0.055202
394 0.054944
395 0.054687
396 0.054432
397 0.054178
398 0.053925
399 0.053925
400 0.053673
401 0.052756
402 0.052756
403 0.052510
404 0.052241
405 0.051974
406 0.051731
407 0.051490
408 0.051249
409 0.050987
410 0.051226
411 0.051109
412 0.050871
413 0.050633
414 0.050374
415 0.050139
416 0.050911
417 0.050673
418 0.050437
419 0.049620
420 0.049046
421 0.048795
422 0.048795
423 0.048567
424 0.048340
425 0.048115
426 0.047890
427 0.047666
428 0.047444
429 0.047775
430 0.047775
431 0.047775
432 0.047552
433 0.047330
434 0.047230
435 0.047031
436 0.046811
437 0.046593
438 0.046375
439 0.046375
440 0.046159
441 0.045943
442 0.045943
443 0.045729
444 0.044948
445 0.044738
446 0.044529
447 0.044321
448 0.044114
449 0.044094
450 0.043888
451 0.043683
452 0.043479
453 0.043479
454 0.043460
455 0.043257
456 0.043055
457 0.042854
458 0.042854
459 0.042854
460 0.042654
461 0.042455
462 0.042256
463 0.042256
464 0.042059
465 0.041882
466 0.041901
467 0.041705
468 0.041901
469 0.041705
470 0.041510
471 0.041316
472 0.041124
473 0.040932
474 0.040932
475 0.040932
476 0.040932
477 0.040932
478 0.040950
479 0.040759
480 0.040759
481 0.040759
482 0.040759
483 0.040759
484 0.040759
485 0.040569
486 0.040379
487 0.040191
488 0.040227
489 0.040227
490 0.040039
491 0.040039
492 0.039852
493 0.039852
494 0.039684
495 0.039684
496 0.039684
497 0.039499
498 0.039315
499 0.039131
500 0.038931
501 0.038749
502 0.038749
503 0.038568
504 0.038021
505 0.037844
506 0.037667
507 0.037667
508 0.038322
509 0.038143
510 0.037947
511 0.037770
512 0.037770
513 0.037299
514 0.037299
515 0.037125
516 0.036599
517 0.036754
518 0.036582
519 0.036411
520 0.036225
521 0.036056
522 0.036511
523 0.036511
524 0.036511
525 0.036340
526 0.036340
527 0.036838
528 0.036666
529 0.036494
530 0.037145
531 0.036972
532 0.036972
533 0.036544
534 0.036373
535 0.036459
536 0.036426
537 0.036273
538 0.036273
539 0.036120
540 0.035951
541 0.035935
542 0.035935
543 0.036256
544 0.036256
545 0.036426
546 0.036256
547 0.036087
548 0.036087
549 0.035902
550 0.035902
551 0.035289
552 0.035455
553 0.035305
554 0.035471
555 0.035471
556 0.036336
557 0.035748
558 0.035748
559 0.035899
560 0.035286
561 0.035121
562 0.034941
563 0.034778
564 0.035185
565 0.036974
566 0.036974
567 0.036802
568 0.036630
569 0.036459
570 0.036272
571 0.036288
572 0.036305
573 0.036412
574 0.036412
575 0.036242
576 0.036073
577 0.036073
578 0.038909
579 0.038727
580 0.038546
581 0.038366
582 0.038349
583 0.038170
584 0.038268
585 0.039525
586 0.039340
587 0.038885
588 0.039085
589 0.038903
590 0.038703
591 0.038523
592 0.038343
593 0.038611
594 0.038430
595 0.038251
596 0.038072
597 0.038251
598 0.038072
599 0.037895
600 0.037718
601 0.037247
602 0.037073
603 0.036884
604 0.036884
605 0.037701
606 0.037525
607 0.036917
608 0.036917
609 0.036900
610 0.036728
611 0.036101
612 0.035484
613 0.035651
614 0.035484
615 0.034910
616 0.034910
617 0.034910
618 0.034459
619 0.034298
620 0.034138
621 0.033728
622 0.033712
623 0.033540
624 0.034348
625 0.034188
626 0.034028
627 0.033869
628 0.033869
629 0.033869
630 0.033711
631 0.034297
632 0.034121
633 0.033696
634 0.033432
635 0.033432
636 0.033276
637 0.033097
638 0.033097
639 0.032928
640 0.032774
641 0.032943
642 0.032410
643 0.032789
644 0.032517
645 0.032366
646 0.032215
647 0.032064
648 0.032064
649 0.032517
650 0.032517
651 0.032366
652 0.032215
653 0.032215
654 0.032215
655 0.032064
656 0.031664
657 0.031517
658 0.031369
659 0.030817
660 0.030673
661 0.031060
662 0.031930
663 0.032304
664 0.032304
665 0.032153
666 0.032304
667 0.034603
668 0.034765
669 0.032399
670 0.032384
671 0.032160
672 0.032160
673 0.032009
674 0.032190
675 0.032040
676 0.030689
677 0.030689
678 0.030689
679 0.030703
680 0.030560
681 0.030546
682 0.030546
683 0.030546
684 0.030546
685 0.030532
686 0.030532
687 0.030518
688 0.030518
689 0.030518
690 0.030903
691 0.030759
692 0.030889
693 0.030917
694 0.031497
695 0.031350
696 0.031190
697 0.031190
698 0.031044
699 0.030899
700 0.030755
701 0.030230
702 0.030089
703 0.030299
704 0.030143
705 0.030003
706 0.029863
707 0.029723
708 0.029379
709 0.029242
710 0.029242
711 0.029106
712 0.029106
713 0.028970
714 0.028970
715 0.028970
716 0.028848
717 0.028713
718 0.028579
719 0.028579
720 0.028579
721 0.028913
722 0.028900
723 0.030115
724 0.029974
725 0.029988
726 0.030129
727 0.029974
728 0.029753
729 0.029601
730 0.029462
731 0.029449
732 0.029311
733 0.029175
734 0.029025
735 0.028663
736 0.028946
737 0.029325
738 0.029175
739 0.029038
740 0.029038
741 0.028903
742 0.029378
743 0.029241
744 0.029722
745 0.029583
746 0.029709
747 0.029570
748 0.029432
749 0.029294
750 0.029158
751 0.028794
752 0.028673
753 0.028660
754 0.028660
755 0.028328
756 0.028196
757 0.028196
758 0.028328
759 0.028196
760 0.028064
761 0.028064
762 0.028328
763 0.028807
764 0.028673
765 0.028539
766 0.029065
767 0.029405
768 0.029268
769 0.029268
770 0.029131
771 0.028634
772 0.028956
773 0.028821
774 0.029184
775 0.029048
776 0.028565
777 0.028998
778 0.029271
779 0.029134
780 0.028998
781 0.028876
782 0.028741
783 0.028741
784 0.029941
785 0.029802
786 0.029649
787 0.029775
788 0.029914
789 0.030068
790 0.030911
791 0.030766
792 0.030623
793 0.030690
794 0.030690
795 0.030704
796 0.031384
797 0.031780
798 0.031631
799 0.031631
800 0.031780
801 0.031780
802 0.031631
803 0.034366
804 0.034527
805 0.034366
806 0.034366
807 0.035337
808 0.035172
809 0.034571
810 0.035353
811 0.035685
812 0.035852
813 0.036021
814 0.035852
815 0.035852
816 0.035915
817 0.036555
818 0.036555
819 0.036385
820 0.035763
821 0.035596
822 0.035613
823 0.035462
824 0.035629
825 0.035462
826 0.035297
827 0.035462
828 0.034888
829 0.034453
830 0.034292
831 0.034292
832 0.034117
833 0.033958
834 0.034156
835 0.033761
836 0.033573
837 0.033573
838 0.033573
839 0.033416
840 0.033792
841 0.033634
842 0.033230
843 0.033215
844 0.033355
845 0.033527
846 0.033542
847 0.033401
848 0.033792
849 0.033634
850 0.033619
851 0.033075
852 0.033401
853 0.033245
854 0.033090
855 0.032848
856 0.033298
857 0.032729
858 0.032576
859 0.032606
860 0.032531
861 0.032684
862 0.032531
863 0.032531
864 0.032291
865 0.032291
866 0.032140
867 0.032005
868 0.032005
869 0.031870
870 0.031884
871 0.032438
872 0.032287
873 0.032959
874 0.034629
875 0.034468
876 0.034232
877 0.034392
878 0.034232
879 0.034072
880 0.034041
881 0.034056
882 0.036531
883 0.036076
884 0.036495
885 0.035809
886 0.035642
887 0.035642
888 0.035065
889 0.034098
890 0.034098
891 0.034098
892 0.034014
893 0.034014
894 0.034537
895 0.034376
896 0.034537
897 0.034376
898 0.034376
899 0.034216
900 0.033662
901 0.034247
902 0.034644
903 0.034483
904 0.034807
905 0.034807
906 0.034644
907 0.034886
908 0.035050
909 0.035050
910 0.035978
911 0.035978
912 0.035810
913 0.035643
914 0.030240
915 0.030099
916 0.030099
917 0.029958
918 0.029958
919 0.029819
920 0.029805
921 0.029666
922 0.029527
923 0.029679
924 0.029309
925 0.029309
926 0.029172
927 0.029172
928 0.029172
929 0.029036
930 0.030112
931 0.030126
932 0.030126
933 0.030112
934 0.029972
935 0.029859
936 0.029733
937 0.029733
938 0.029594
939 0.029747
940 0.029608
941 0.029265
942 0.028791
943 0.028657
944 0.028168
945 0.028225
946 0.028093
947 0.027962
948 0.027949
949 0.027819
950 0.027689
951 0.027882
952 0.027882
953 0.027882
954 0.027752
955 0.027406
956 0.027419
957 0.027806
958 0.028340
959 0.028208
960 0.027856
961 0.027713
962 0.027713
963 0.027584
964 0.027571
965 0.027443
966 0.027571
967 0.027443
968 0.027315
969 0.027187
970 0.026872
971 0.026872
972 0.026368
973 0.026491
974 0.026185
975 0.025905
976 0.025905
977 0.025784
978 0.025784
979 0.026027
980 0.026479
981 0.026355
982 0.026664
983 0.026664
984 0.027215
985 0.026833
986 0.026708
987 0.026275
988 0.026070
989 0.025948
990 0.025827
991 0.026129
992 0.026141
993 0.026375
994 0.026547
995 0.026423
996 0.026547
997 0.027175
998 0.028038
999 0.028038
1000 0.028170
1001 0.028038
1002 0.027907
1003 0.027585
1004 0.027962
1005 0.027831
1006 0.027831
1007 0.027701
1008 0.027572
1009 0.027933
1010 0.027831
1011 0.027831
1012 0.028276
1013 0.028157
1014 0.028026
1015 0.026195
1016 0.026073
1017 0.026195
1018 0.026678
1019 0.026991
1020 0.026877
1021 0.027100
1022 0.027240
1023 0.028333
1024 0.028201
1025 0.028069
1026 0.027938
1027 0.027938
1028 0.027807
1029 0.028291
1030 0.028291
1031 0.028133
1032 0.027938
1033 0.027807
1034 0.027413
1035 0.027696
1036 0.027696
1037 0.027567
1038 0.028088
1039 0.027957
1040 0.027826
1041 0.027826
1042 0.027826
1043 0.027826
1044 0.027957
1045 0.027826
1046 0.027957
1047 0.027826
1048 0.027696
1049 0.027567
1050 0.027696
1051 0.027826
1052 0.027826
1053 0.027826
1054 0.028135
1055 0.028004
1056 0.028004
1057 0.027873
1058 0.027730
1059 0.027601
1060 0.027256
1061 0.027129
1062 0.026769
1063 0.026644
1064 0.026882
1065 0.027008
1066 0.026797
1067 0.028185
1068 0.028054
1069 0.028054
1070 0.027923
1071 0.027792
1072 0.027662
1073 0.027533
1074 0.027405
1075 0.027417
1076 0.027675
1077 0.028156
1078 0.027700
1079 0.027783
1080 0.027914
1081 0.027926
1082 0.027809
1083 0.027679
1084 0.027549
1085 0.027421
1086 0.027280
1087 0.027525
1088 0.027512
1089 0.028532
1090 0.028532
1091 0.028070
1092 0.027939
1093 0.028022
1094 0.028285
1095 0.028285
1096 0.028285
1097 0.027884
1098 0.027871
1099 0.028060
1100 0.027929
1101 0.027929
1102 0.027786
1103 0.028047
1104 0.028534
1105 0.028204
1106 0.012718
1107 0.013016
1108 0.013305
1109 0.013243
1110 0.013243
1111 0.013828
1112 0.013893
1113 0.014089
1114 0.014149
1115 0.014083
1116 0.014149
1117 0.014110
1118 0.014103
1119 0.014103
1120 0.014268
1121 0.014262
1122 0.014322
1123 0.014078
1124 0.014078
1125 0.014317
1126 0.014250
1127 0.013741
1128 0.013676
1129 0.014007
1130 0.014743
1131 0.014743
1132 0.014743
1133 0.014813
1134 0.014112
1135 0.014404
1136 0.014404
1137 0.014924
1138 0.014854
1139 0.015170
1140 0.015276
1141 0.015204
1142 0.015085
1143 0.015550
1144 0.015477
1145 0.015398
1146 0.015693
1147 0.015951
1148 0.016206
1149 0.016275
1150 0.016192
1151 0.016381
1152 0.016305
1153 0.016305
1154 0.016305
1155 0.016297
1156 0.016221
1157 0.016305
1158 0.021039
1159 0.021304
1160 0.021287
1161 0.021306
1162 0.021306
1163 0.021069
1164 0.021069
1165 0.021069
1166 0.021069
1167 0.021069
1168 0.021178
1169 0.021079
1170 0.020980
1171 0.020882
1172 0.022424
1173 0.022434
1174 0.022529
1175 0.022529
1176 0.022529
1177 0.022539
1178 0.022174
1179 0.022174
1180 0.022614
1181 0.022508
1182 0.022124
1183 0.026356
1184 0.026616
1185 0.026741
1186 0.026866
1187 0.027005
1188 0.027386
1189 0.027259
1190 0.026919
1191 0.027515
1192 0.027209
1193 0.026744
1194 0.026287
1195 0.026153
1196 0.026153
1197 0.026153
1198 0.026336
1199 0.026459
1200 0.029199
1201 0.029063
1202 0.028927
1203 0.028792
1204 0.028658
1205 0.028524
1206 0.028391
1207 0.028723
1208 0.028589
1209 0.028589
1210 0.028589
1211 0.028456
1212 0.028456
1213 0.028297
1214 0.028152
1215 0.028271
1216 0.028139
1217 0.029586
1218 0.029586
1219 0.029448
1220 0.029850
1221 0.029711
1222 0.029572
1223 0.029434
1224 0.029572
1225 0.029434
1226 0.029297
1227 0.029160
1228 0.029024
1229 0.028875
1230 0.029147
1231 0.028918
1232 0.029081
1233 0.029230
1234 0.029094
1235 0.028681
1236 0.028681
1237 0.030177
1238 0.030125
1239 0.029984
1240 0.029857
1241 0.029718
1242 0.029579
1243 0.029441
1244 0.029304
1245 0.029167
1246 0.029180
1247 0.029044
1248 0.029044
1249 0.029044
1250 0.028548
1251 0.028415
1252 0.028282
1253 0.028295
1254 0.028163
1255 0.028031
1256 0.027578
1257 0.027449
1258 0.030659
1259 0.030659
1260 0.030516
1261 0.031452
1262 0.031306
1263 0.031306
1264 0.031159
1265 0.031701
1266 0.031984
1267 0.031984
1268 0.031835
1269 0.031686
1270 0.031538
1271 0.031835
1272 0.031701
1273 0.031105
1274 0.031105
1275 0.031251
1276 0.031265
1277 0.031119
1278 0.030974
1279 0.030829
1280 0.030843
1281 0.030460
1282 0.030460
1283 0.030317
1284 0.030446
1285 0.030432
1286 0.030432
1287 0.030290
1288 0.030276
1289 0.029926
1290 0.030207
1291 0.030066
1292 0.029926
1293 0.028974
1294 0.030917
1295 0.031090
1296 0.030716
1297 0.030573
1298 0.030730
1299 0.030731
1300 0.030731
1301 0.030233
1302 0.030023
1303 0.029883
1304 0.029883
1305 0.029788
1306 0.029649
1307 0.015599
1308 0.015599
1309 0.016130
1310 0.016054
1311 0.016054
1312 0.016130
1313 0.015854
1314 0.015780
1315 0.015707
1316 0.015707
1317 0.016137
1318 0.016062
1319 0.015987
1320 0.018201
1321 0.018320
1322 0.018746
1323 0.018658
1324 0.019019
1325 0.018931
1326 0.018842
1327 0.018717
1328 0.018717
1329 0.018414
1330 0.018328
1331 0.018328
1332 0.018243
1333 0.018108
1334 0.019143
1335 0.019054
1336 0.018956
1337 0.018811
1338 0.018811
1339 0.021089
1340 0.025371
1341 0.025371
1342 0.025371
1343 0.025812
1344 0.025691
1345 0.025571
1346 0.025463
1347 0.025463
1348 0.025345
1349 0.025894
1350 0.025761
1351 0.025440
1352 0.025440
1353 0.025440
1354 0.025429
1355 0.025310
1356 0.025654
1357 0.025654
1358 0.025534
1359 0.024425
1360 0.024425
1361 0.024968
1362 0.024852
1363 0.024852
1364 0.024736
1365 0.024724
1366 0.024829
1367 0.024713
1368 0.024598
1369 0.024483
1370 0.025024
1371 0.024907
1372 0.024907
1373 0.024907
1374 0.025259
1375 0.025142
1376 0.025448
1377 0.025329
1378 0.026038
1379 0.025917
1380 0.025911
1381 0.026080
1382 0.025946
1383 0.026350
1384 0.026735
1385 0.026622
1386 0.026498
1387 0.026069
1388 0.025947
1389 0.025826
1390 0.025341
1391 0.025025
1392 0.026891
1393 0.026432
1394 0.026432
1395 0.026854
1396 0.026842
1397 0.026717
1398 0.026580
1399 0.026456
1400 0.026333
1401 0.026210
1402 0.026087
1403 0.025965
1404 0.026075
1405 0.025954
1406 0.025832
1407 0.025712
1408 0.025712
1409 0.025712
1410 0.025592
1411 0.025472
1412 0.027463
1413 0.027463
1414 0.027655
1415 0.027655
1416 0.027526
1417 0.027410
1418 0.027410
1419 0.027282
1420 0.027155
1421 0.027142
1422 0.027282
1423 0.027282
1424 0.027687
1425 0.027947
1426 0.027817
1427 0.027624
1428 0.027753
1429 0.027407
1430 0.027279
1431 0.027279
1432 0.027523
1433 0.027448
1434 0.027925
1435 0.027827
1436 0.027827
1437 0.027957
1438 0.027957
1439 0.027827
1440 0.027697
1441 0.027568
1442 0.028547
1443 0.028414
1444 0.028085
1445 0.028072
1446 0.028072
1447 0.027618
1448 0.027489
1449 0.027760
1450 0.027630
1451 0.027501
1452 0.027373
1453 0.027373
1454 0.027373
1455 0.027245
1456 0.027489
1457 0.027361
1458 0.027361
1459 0.027348
1460 0.027336
1461 0.026995
1462 0.026995
1463 0.027476
1464 0.027348
1465 0.027220
1466 0.027348
1467 0.027348
1468 0.027220
1469 0.027093
1470 0.026881
1471 0.026857
1472 0.026731
1473 0.026857
1474 0.026869
1475 0.027007
1476 0.027007
1477 0.027007
1478 0.026881
1479 0.026756
1480 0.026631
1481 0.026506
1482 0.026631
1483 0.026506
1484 0.037408
1485 0.037233
1486 0.037233
1487 0.037233
1488 0.037059
1489 0.037059
1490 0.037739
1491 0.037563
1492 0.037387
1493 0.037648
1494 0.037665
1495 0.037490
1496 0.037490
1497 0.037315
1498 0.037140
1499 0.036967
1500 0.036794
1501 0.036778
1502 0.036606
1503 0.036435
1504 0.036265
1505 0.036096
1506 0.035943
1507 0.035943
1508 0.035776
1509 0.035608
1510 0.035608
1511 0.035608
1512 0.035442
1513 0.035442
1514 0.035593
1515 0.035181
1516 0.035197
1517 0.034221
1518 0.034816
1519 0.034653
1520 0.034653
1521 0.035159
1522 0.035498
1523 0.035623
1524 0.035607
1525 0.035441
1526 0.035688
1527 0.035182
1528 0.036969
1529 0.036338
1530 0.035717
1531 0.035551
1532 0.035685
1533 0.035685
1534 0.035518
1535 0.035353
1536 0.035188
1537 0.035007
1538 0.035007
1539 0.034527
1540 0.034365
1541 0.034704
1542 0.034867
1543 0.034883
1544 0.034720
1545 0.034542
1546 0.028905
1547 0.029054
1548 0.029559
1549 0.029408
1550 0.029257
1551 0.029120
1552 0.029183
1553 0.028684
1554 0.028832
1555 0.028684
1556 0.028684
1557 0.028671
1558 0.028207
1559 0.028408
1560 0.028662
1561 0.028528
1562 0.028395
1563 0.028395
1564 0.027910
1565 0.027779
1566 0.027650
1567 0.027508
1568 0.027380
1569 0.027252
1570 0.027112
1571 0.026986
1572 0.027302
1573 0.027174
1574 0.027634
1575 0.027505
1576 0.028088
1577 0.028753
1578 0.028766
1579 0.029050
1580 0.031755
1581 0.031607
1582 0.031755
1583 0.031705
1584 0.031557
1585 0.031338
1586 0.031352
1587 0.031206
1588 0.031060
1589 0.031060
1590 0.031060
1591 0.030943
1592 0.030943
1593 0.030799
1594 0.030655
1595 0.030512
1596 0.030512
1597 0.030512
1598 0.030369
1599 0.030356
1600 0.030369
1601 0.030228
1602 0.030228
1603 0.030086
1604 0.029946
1605 0.029806
1606 0.029667
1607 0.029667
1608 0.029528
1609 0.029391
1610 0.029391
1611 0.029528
1612 0.030452
1613 0.030310
1614 0.029489
1615 0.029489
1616 0.029489
1617 0.029462
1618 0.029325
1619 0.029188
1620 0.029188
1621 0.029848
1622 0.029848
1623 0.029988
1624 0.030652
1625 0.030796
1626 0.030638
1627 0.030495
1628 0.030948
1629 0.031135
1630 0.030990
1631 0.030845
1632 0.031135
1633 0.030990
1634 0.030845
1635 0.030831
1636 0.030687
1637 0.030544
1638 0.030402
1639 0.030544
1640 0.032073
1641 0.031618
1642 0.031604
1643 0.032036
1644 0.031886
1645 0.031723
1646 0.031723
1647 0.031589
1648 0.031442
1649 0.031604
1650 0.031604
1651 0.031604
1652 0.031752
1653 0.031604
1654 0.031456
1655 0.031824
1656 0.031824
1657 0.031824
1658 0.031810
1659 0.031810
1660 0.031647
1661 0.031499
1662 0.032196
1663 0.032046
1664 0.031896
1665 0.031747
1666 0.031599
1667 0.031599
1668 0.031451
1669 0.031998
1670 0.032221
1671 0.032221
1672 0.032372
1673 0.032372
1674 0.031998
1675 0.031848
1676 0.031700
1677 0.031552
1678 0.031552
1679 0.031404
1680 0.031258
1681 0.031404
1682 0.031404
1683 0.031013
1684 0.031523
1685 0.031743
1686 0.031595
1687 0.031595
1688 0.031433
1689 0.031301
1690 0.031447
1691 0.031301
1692 0.031155
1693 0.031009
1694 0.031009
1695 0.030650
1696 0.030507
1697 0.030013
1698 0.029873
1699 0.029700
1700 0.029700
1701 0.029561
1702 0.029561
1703 0.030643
1704 0.030500
1705 0.030643
1706 0.030643
1707 0.030500
1708 0.030358
1709 0.030216
1710 0.030597
1711 0.030441
1712 0.030441
1713 0.030298
1714 0.030298
1715 0.030171
1716 0.030030
1717 0.029544
1718 0.029392
1719 0.029255
1720 0.029255
1721 0.028917
1722 0.029052
1723 0.028917
1724 0.028795
1725 0.028795
1726 0.029193
1727 0.028964
1728 0.028951
1729 0.028816
1730 0.028681
1731 0.028816
1732 0.028938
1733 0.029552
1734 0.029414
1735 0.033130
1736 0.032870
1737 0.032717
1738 0.032945
1739 0.034556
1740 0.034718
1741 0.036054
1742 0.035886
1743 0.036054
1744 0.035470
1745 0.035321
1746 0.035321
1747 0.035321
1748 0.035156
1749 0.034992
1750 0.034976
1751 0.034813
1752 0.035568
1753 0.035568
1754 0.036071
1755 0.035902
1756 0.035718
1757 0.035552
1758 0.035552
1759 0.035386
1760 0.035369
1761 0.035535
1762 0.036038
1763 0.035422
1764 0.035133
1765 0.034533
1766 0.034371
1767 0.034533
1768 0.034356
1769 0.033958
1770 0.033958
1771 0.034117
1772 0.033958
1773 0.033958
1774 0.033535
1775 0.033535
1776 0.033692
1777 0.033535
1778 0.033535
1779 0.033378
1780 0.033222
1781 0.033535
1782 0.033943
1783 0.033769
1784 0.033769
1785 0.033611
1786 0.033454
1787 0.033454
1788 0.033454
1789 0.033298
1790 0.033143
1791 0.033128
1792 0.032973
1793 0.033113
1794 0.032643
1795 0.033222
1796 0.033393
1797 0.033942
1798 0.033783
1799 0.033783
1800 0.034086
1801 0.033998
1802 0.033983
1803 0.034571
1804 0.034410
1805 0.034587
1806 0.034602
1807 0.034618
1808 0.034457
1809 0.034296
1810 0.033914
1811 0.033507
1812 0.033507
1813 0.033350
1814 0.017472
1815 0.017391
1816 0.017309
1817 0.017309
1818 0.017422
1819 0.017626
1820 0.017669
1821 0.017464
1822 0.017843
1823 0.018255
1824 0.018255
1825 0.018255
1826 0.016178
1827 0.016269
1828 0.016499
1829 0.016499
1830 0.016499
1831 0.016506
1832 0.016429
1833 0.016700
1834 0.016700
1835 0.016662
1836 0.016584
1837 0.016684
1838 0.016606
1839 0.016740
1840 0.016788
1841 0.016709
1842 0.018202
1843 0.018125
1844 0.018210
1845 0.018125
1846 0.018117
1847 0.018650
1848 0.018737
1849 0.018504
1850 0.018717
1851 0.018726
1852 0.018639
1853 0.018726
1854 0.018639
1855 0.018726
1856 0.019294
1857 0.019286
1858 0.019286
1859 0.019277
1860 0.019187
1861 0.019277
1862 0.019376
1863 0.019695
1864 0.019594
1865 0.019926
1866 0.019833
1867 0.020379
1868 0.020031
1869 0.019799
1870 0.019461
1871 0.019370
1872 0.019280
1873 0.019288
1874 0.019198
1875 0.018959
1876 0.018635
1877 0.018635
1878 0.018325
1879 0.018325
1880 0.018706
1881 0.019059
1882 0.019149
1883 0.019059
1884 0.019287
1885 0.019511
1886 0.019420
1887 0.019856
1888 0.019847
1889 0.020458
1890 0.020363
1891 0.021324
1892 0.021978
1893 0.022245
1894 0.022245
1895 0.026388
1896 0.026083
1897 0.025661
1898 0.025781
1899 0.026417
1900 0.026714
1901 0.026726
1902 0.027116
1903 0.027116
1904 0.027137
1905 0.028443
1906 0.028443
1907 0.028310
1908 0.028191
1909 0.028191
1910 0.028191
1911 0.028021
1912 0.027542
1913 0.027530
1914 0.027389
1915 0.027261
1916 0.027389
1917 0.012207
1918 0.012034
1919 0.012102
1920 0.012216
1921 0.012216
1922 0.013285
1923 0.006957
1924 0.007019
1925 0.007102
1926 0.007068
1927 0.007255
1928 0.007488
1929 0.007594
1930 0.007633
1931 0.007573
1932 0.007899
1933 0.007906
1934 0.007910
1935 0.008088
1936 0.008127
1937 0.008389
1938 0.008349
1939 0.008284
1940 0.008285
1941 0.008286
1942 0.008328
1943 0.009740
1944 0.009744
1945 0.010325
1946 0.010427
1947 0.010378
1948 0.010682
1949 0.010682
1950 0.013364
1951 0.013364
1952 0.013496
1953 0.013433
1954 0.013370
1955 0.013370
1956 0.013370
1957 0.013302
1958 0.012270
1959 0.013953
1960 0.013888
1961 0.013823
1962 0.013752
1963 0.013688
1964 0.013688
1965 0.013624
1966 0.013921
1967 0.013856
1968 0.013791
1969 0.014229
1970 0.014235
1971 0.014235
1972 0.014235
1973 0.015465
1974 0.015386
1975 0.015653
1976 0.015580
1977 0.015359
1978 0.016923
1979 0.016844
1980 0.016844
1981 0.016844
1982 0.016844
1983 0.017327
1984 0.017246
1985 0.018828
1986 0.019065
1987 0.019057
1988 0.019057
1989 0.019057
1990 0.019146
1991 0.019057
1992 0.019057
1993 0.018968
1994 0.018757
1995 0.018757
1996 0.018669
1997 0.018437
1998 0.018523
1999 0.018437
2000 0.018122
2001 0.018122
2002 0.018037
2003 0.018276
2004 0.018267
2005 0.018481
2006 0.018576
2007 0.018576
2008 0.018576
2009 0.018576
2010 0.018543
2011 0.018457
2012 0.018457
2013 0.018579
2014 0.018364
2015 0.018355
2016 0.018355
2017 0.018270
2018 0.019189
2019 0.019108
2020 0.019198
2021 0.019099
2022 0.019279
2023 0.019279
2024 0.019370
2025 0.019378
2026 0.019288
2027 0.020019
2028 0.020113
2029 0.020019
2030 0.020019
2031 0.019695
2032 0.020676
2033 0.020580
2034 0.020974
2035 0.021072
2036 0.020974
2037 0.029483
2038 0.029483
2039 0.029346
2040 0.029346
2041 0.029819
2042 0.029832
2043 0.029680
2044 0.029680
2045 0.029680
2046 0.029680
2047 0.029819
2048 0.029680
2049 0.029541
2050 0.029063
2051 0.028927
2052 0.028792
2053 0.028658
2054 0.030411
2055 0.030269
2056 0.030141
2057 0.030781
2058 0.030781
2059 0.030781
2060 0.030637
2061 0.030508
2062 0.030508
2063 0.030651
2064 0.030508
2065 0.030508
2066 0.030721
2067 0.035021
2068 0.034841
2069 0.035005
2070 0.034841
2071 0.034679
2072 0.034517
2073 0.034340
2074 0.034071
2075 0.033912
2076 0.033754
2077 0.033769
2078 0.033927
2079 0.033927
2080 0.033927
2081 0.034517
2082 0.034356
2083 0.034356
2084 0.033800
2085 0.034387
2086 0.034226
2087 0.034067
2088 0.033923
2089 0.034017
2090 0.033436
2091 0.033280
2092 0.033280
2093 0.033280
2094 0.033125
2095 0.033280
2096 0.030838
2097 0.030838
2098 0.030325
2099 0.030184
2100 0.030056
2101 0.030408
2102 0.030408
2103 0.030266
2104 0.030551
2105 0.030551
2106 0.030408
2107 0.031872
2108 0.031872
2109 0.032035
2110 0.031886
2111 0.031737
2112 0.032035
2113 0.031886
2114 0.031886
2115 0.031737
2116 0.031636
2117 0.031488
2118 0.030951
2119 0.030707
2120 0.030550
2121 0.031563
2122 0.031563
2123 0.031416
2124 0.031269
2125 0.031109
2126 0.030605
2127 0.030462
2128 0.030320
2129 0.030179
2130 0.030179
2131 0.030038
2132 0.029897
2133 0.030165
2134 0.030024
2135 0.029884
2136 0.029884
2137 0.029744
2138 0.029606
2139 0.029619
2140 0.029481
2141 0.029343
2142 0.029219
2143 0.029646
2144 0.030500
2145 0.031866
2146 0.031717
2147 0.031569
2148 0.033143
2149 0.033143
2150 0.033143
2151 0.033143
2152 0.032988
2153 0.032834
2154 0.032834
2155 0.032988
2156 0.033158
2157 0.032850
2158 0.032697
2159 0.032697
2160 0.032850
2161 0.033448
2162 0.033292
2163 0.033136
2164 0.032982
2165 0.032982
2166 0.032828
2167 0.035681
2168 0.035514
2169 0.034908
2170 0.034713
2171 0.034120
2172 0.036239
2173 0.036069
2174 0.036459
2175 0.036288
2176 0.036119
2177 0.035950
2178 0.035782
2179 0.035615
2180 0.036065
2181 0.035897
2182 0.036553
2183 0.037520
2184 0.037344
2185 0.037170
2186 0.036997
2187 0.036824
2188 0.036824
2189 0.036635
2190 0.036464
2191 0.035779
2192 0.035612
2193 0.035747
2194 0.035747
2195 0.035580
2196 0.035747
2197 0.035580
2198 0.035414
2199 0.035249
2200 0.035084
2201 0.035495
2202 0.035495
2203 0.035329
2204 0.035164
2205 0.035164
2206 0.035329
2207 0.035686
2208 0.035519
2209 0.035519
2210 0.034944
2211 0.034781
2212 0.034603
2213 0.034441
2214 0.033997
2215 0.033838
2216 0.034074
2217 0.033492
2218 0.033477
2219 0.033477
2220 0.033321
2221 0.033306
2222 0.033726
2223 0.033569
2224 0.033412
2225 0.033256
2226 0.033256
2227 0.033412
2228 0.034474
2229 0.034652
2230 0.034652
2231 0.034474
2232 0.034474
2233 0.034313
2234 0.035723
2235 0.035556
2236 0.035556
2237 0.035422
2238 0.035257
2239 0.035422
2240 0.035422
2241 0.035257
2242 0.035092
2243 0.034928
2244 0.034944
2245 0.034944
2246 0.035385
2247 0.035220
2248 0.035056
2249 0.034892
2250 0.034729
2251 0.034713
2252 0.034551
2253 0.034551
2254 0.034390
2255 0.033803
2256 0.033256
2257 0.033115
2258 0.033130
2259 0.032594
2260 0.032442
2261 0.032851
2262 0.032698
2263 0.032545
2264 0.032545
2265 0.032048
2266 0.031898
2267 0.031898
2268 0.031749
2269 0.031749
2270 0.031601
2271 0.031454
2272 0.031454
2273 0.031221
2274 0.031222
2275 0.030832
2276 0.030818
2277 0.031472
2278 0.031472
2279 0.031325
2280 0.030818
2281 0.030674
2282 0.031041
2283 0.031041
2284 0.030896
2285 0.030752
2286 0.030254
2287 0.030254
2288 0.030382
2289 0.030227
2290 0.029738
2291 0.030511
2292 0.030511
2293 0.030511
2294 0.030654
2295 0.030511
2296 0.030369
2297 0.030213
2298 0.030072
2299 0.029572
2300 0.029434
2301 0.029297
2302 0.029283
2303 0.029283
2304 0.029283
2305 0.029134
2306 0.028998
2307 0.028862
2308 0.028727
2309 0.028593
2310 0.028473
2311 0.028753
2312 0.028753
2313 0.028421
2314 0.028421
2315 0.028275
2316 0.027948
2317 0.027948
2318 0.027960
2319 0.027754
2320 0.027624
2321 0.027495
2322 0.027495
2323 0.027624
2324 0.027624
2325 0.027495
2326 0.027367
2327 0.026924
2328 0.026588
2329 0.026464
2330 0.026341
2331 0.026341
2332 0.026464
2333 0.026341
2334 0.025891
2335 0.025770
2336 0.025770
2337 0.026024
2338 0.025903
2339 0.025782
2340 0.025782
2341 0.025782
2342 0.026206
2343 0.026024
2344 0.026024
2345 0.026329
2346 0.028094
2347 0.028107
2348 0.027963
2349 0.027963
2350 0.028582
2351 0.028716
2352 0.028583
2353 0.028436
2354 0.028213
2355 0.028213
2356 0.028069
2357 0.027938
2358 0.027486
2359 0.027357
2360 0.027357
2361 0.027295
2362 0.028036
2363 0.027893
2364 0.027417
2365 0.027510
2366 0.029204
2367 0.029204
2368 0.029204
2369 0.029204
2370 0.029204
2371 0.029054
2372 0.029054
2373 0.028919
2374 0.028784
2375 0.028982
2376 0.029459
2377 0.029228
2378 0.029503
2379 0.029875
2380 0.029736
2381 0.029736
2382 0.029597
2383 0.029597
2384 0.029459
2385 0.029321
2386 0.028847
2387 0.028712
2388 0.028578
2389 0.028699
2390 0.028552
2391 0.028419
2392 0.028299
2393 0.028167
2394 0.027993
2395 0.027644
2396 0.027454
2397 0.027339
2398 0.027467
2399 0.028117
2400 0.027986
2401 0.027855
2402 0.027725
2403 0.027276
2404 0.027276
2405 0.027161
2406 0.027545
2407 0.028541
2408 0.028541
2409 0.027911
2410 0.028041
2411 0.028503
2412 0.028370
2413 0.028237
2414 0.028237
2415 0.028237
2416 0.028237
2417 0.028105
2418 0.028105
2419 0.027625
2420 0.027484
2421 0.027356
2422 0.027936
2423 0.027806
2424 0.027663
2425 0.028067
2426 0.028091
2427 0.028342
2428 0.028210
2429 0.028210
2430 0.028078
2431 0.027947
2432 0.029310
2433 0.029174
2434 0.029037
2435 0.028902
2436 0.029280
2437 0.029143
2438 0.028672
2439 0.028182
2440 0.028499
2441 0.028499
2442 0.028366
2443 0.028353
2444 0.028955
2445 0.029157
2446 0.028672
2447 0.028195
2448 0.028195
2449 0.028063
2450 0.028340
2451 0.028460
2452 0.028327
2453 0.028195
2454 0.028143
2455 0.028275
2456 0.028656
2457 0.028656
2458 0.028522
2459 0.028522
2460 0.028522
2461 0.028389
2462 0.028154
2463 0.028154
2464 0.028022
2465 0.027569
2466 0.028643
2467 0.028509
2468 0.028376
2469 0.027843
2470 0.027713
2471 0.027726
2472 0.027584
2473 0.027907
2474 0.028037
2475 0.027907
2476 0.027776
2477 0.028124
2478 0.027993
2479 0.028112
2480 0.027981
2481 0.027850
2482 0.027720
2483 0.027720
2484 0.027591
2485 0.027462
2486 0.027474
2487 0.027720
2488 0.027733
2489 0.027733
2490 0.027603
2491 0.027156
2492 0.027017
2493 0.027206
2494 0.026456
2495 0.026456
2496 0.027346
2497 0.027382
2498 0.027255
2499 0.027255
2500 0.027395
2501 0.027267
2502 0.027254
2503 0.027511
2504 0.027383
2505 0.027255
2506 0.027383
2507 0.027383
2508 0.027383
2509 0.027370
2510 0.027230
2511 0.027255
2512 0.027255
2513 0.027458
2514 0.027458
2515 0.027395
2516 0.027267
2517 0.027395
2518 0.024046
2519 0.023934
2520 0.023822
2521 0.023711
2522 0.023923
2523 0.024024
2524 0.024024
2525 0.023912
2526 0.023800
2527 0.023800
2528 0.023912
2529 0.023912
2530 0.023800
2531 0.024214
2532 0.024101
2533 0.024123
2534 0.024123
2535 0.024010
2536 0.023898
2537 0.023898
2538 0.022259
2539 0.023107
2540 0.023000
2541 0.023107
2542 0.023399
2543 0.023917
2544 0.023917
2545 0.024142
2546 0.024256
2547 0.024142
2548 0.023752
2549 0.023346
2550 0.023346
2551 0.024318
2552 0.024307
2553 0.025937
2554 0.025815
2555 0.025613
2556 0.025494
2557 0.025494
2558 0.025375
2559 0.025482
2560 0.025733
2561 0.027081
2562 0.026954
2563 0.026954
2564 0.026828
2565 0.026715
2566 0.026590
2567 0.026841
2568 0.026715
2569 0.026715
2570 0.026590
2571 0.026728
2572 0.027232
2573 0.027232
2574 0.027105
2575 0.027105
2576 0.026979
2577 0.026979
2578 0.026979
2579 0.026853
2580 0.027192
2581 0.027065
2582 0.026939
2583 0.027435
2584 0.028694
2585 0.028560
2586 0.028024
2587 0.027832
2588 0.028290
2589 0.027963
2590 0.027963
2591 0.027832
2592 0.027702
2593 0.028094
2594 0.028226
2595 0.028094
2596 0.028225
2597 0.028543
2598 0.028742
2599 0.028608
2600 0.030831
2601 0.030687
2602 0.030687
2603 0.030543
2604 0.030543
2605 0.030401
2606 0.030543
2607 0.030401
2608 0.030929
2609 0.030798
2610 0.030655
2611 0.030362
2612 0.030220
2613 0.030375
2614 0.030375
2615 0.030375
2616 0.030375
2617 0.032554
2618 0.032554
2619 0.032388
2620 0.032752
2621 0.032950
2622 0.033493
2623 0.033990
2624 0.033831
2625 0.033673
2626 0.033673
2627 0.034325
2628 0.034325
2629 0.034647
2630 0.034486
2631 0.034325
2632 0.034325
2633 0.033739
2634 0.032072
2635 0.031922
2636 0.031773
2637 0.031610
2638 0.031463
2639 0.031316
2640 0.031169
2641 0.031024
2642 0.030879
2643 0.030735
2644 0.030591
2645 0.030449
2646 0.030108
2647 0.029967
2648 0.029967
2649 0.029607
2650 0.029469
2651 0.029462
2652 0.030600
2653 0.030600
2654 0.030600
2655 0.030457
2656 0.030315
2657 0.030174
2658 0.029685
2659 0.030201
2660 0.030726
2661 0.030582
2662 0.030582
2663 0.030439
2664 0.030297
2665 0.030156
2666 0.030297
2667 0.029934
2668 0.029794
2669 0.029641
2670 0.029780
2671 0.029253
2672 0.029748
2673 0.029622
2674 0.029484
2675 0.029484
2676 0.029346
2677 0.029266
2678 0.029266
2679 0.029130
2680 0.029130
2681 0.028928
2682 0.028928
2683 0.028792
2684 0.028658
2685 0.028658
2686 0.028169
2687 0.028156
2688 0.028632
2689 0.028766
2690 0.028766
2691 0.028766
2692 0.028901
2693 0.028751
2694 0.029224
2695 0.029087
2696 0.028951
2697 0.029087
2698 0.029210
2699 0.028846
2700 0.028820
2701 0.028820
2702 0.028820
2703 0.028328
2704 0.028820
2705 0.028673
2706 0.028552
2707 0.028552
2708 0.028899
2709 0.028764
2710 0.028630
2711 0.028393
2712 0.028393
2713 0.028393
2714 0.028247
2715 0.028247
2716 0.028116
2717 0.027984
2718 0.027984
2719 0.027854
2720 0.027854
2721 0.027854
2722 0.027723
2723 0.027664
2724 0.027534
2725 0.027534
2726 0.027793
2727 0.028042
2728 0.027911
2729 0.027781
2730 0.027911
2731 0.027781
2732 0.027651
2733 0.027522
2734 0.027393
2735 0.027418
2736 0.027406
2737 0.027869
2738 0.028448
2739 0.028448
2740 0.028999
2741 0.028876
2742 0.028876
2743 0.028863
2744 0.029135
2745 0.028999
2746 0.033889
2747 0.033731
2748 0.033573
2749 0.033417
2750 0.033000
2751 0.032846
2752 0.032846
2753 0.032693
2754 0.032540
2755 0.032078
2756 0.031531
2757 0.031383
2758 0.031383
2759 0.031237
2760 0.031251
2761 0.031251
2762 0.031105
2763 0.030960
2764 0.030459
2765 0.030317
2766 0.030445
2767 0.030289
2768 0.030289
2769 0.030148
2770 0.029646
2771 0.029508
2772 0.029633
2773 0.029620
2774 0.029620
2775 0.030704
2776 0.030547
2777 0.030690
2778 0.030690
2779 0.031138
2780 0.031007
2781 0.031007
2782 0.031166
2783 0.031871
2784 0.031871
2785 0.031722
2786 0.031327
2787 0.031474
2788 0.031460
2789 0.031313
2790 0.030806
2791 0.030648
2792 0.030648
2793 0.030648
2794 0.030266
2795 0.030280
2796 0.030266
2797 0.030125
2798 0.030152
2799 0.030011
2800 0.030152
2801 0.030152
2802 0.030152
2803 0.030011
2804 0.029637
2805 0.029485
2806 0.029348
2807 0.029361
2808 0.029361
2809 0.029499
2810 0.029361
2811 0.029718
2812 0.029732
2813 0.029579
2814 0.029621
2815 0.029469
2816 0.029469
2817 0.029332
2818 0.030150
2819 0.030433
2820 0.030291
2821 0.030291
2822 0.031008
2823 0.030863
2824 0.030863
2825 0.030719
2826 0.030719
2827 0.030590
2828 0.031121
2829 0.031662
2830 0.031514
2831 0.031529
2832 0.031514
2833 0.030990
2834 0.030845
2835 0.030990
2836 0.030967
2837 0.030738
2838 0.030738
2839 0.030711
2840 0.030553
2841 0.030411
2842 0.030411
2843 0.031230
2844 0.031070
2845 0.030682
2846 0.030539
2847 0.030473
2848 0.030857
2849 0.030358
2850 0.030216
2851 0.030075
2852 0.030597
2853 0.030455
2854 0.030312
2855 0.030171
2856 0.030135
2857 0.030135
2858 0.030135
2859 0.029994
2860 0.030190
2861 0.030049
2862 0.030049
2863 0.030049
2864 0.029908
2865 0.031250
2866 0.031397
2867 0.031250
2868 0.031034
2869 0.030889
2870 0.030689
2871 0.030689
2872 0.030545
2873 0.030403
2874 0.031076
2875 0.030931
2876 0.030573
2877 0.031874
2878 0.031726
2879 0.031740
2880 0.031754
2881 0.031976
2882 0.034476
2883 0.035254
2884 0.035238
2885 0.034117
2886 0.033958
2887 0.033800
2888 0.033800
2889 0.033642
2890 0.034036
2891 0.034020
2892 0.033861
2893 0.033437
2894 0.033422
2895 0.033437
2896 0.033760
2897 0.033602
2898 0.033446
2899 0.033289
2900 0.033304
2901 0.035171
2902 0.034539
2903 0.035320
2904 0.035155
2905 0.035139
2906 0.034975
2907 0.034827
2908 0.036409
2909 0.036752
2910 0.036580
2911 0.036580
2912 0.040147
2913 0.039960
2914 0.039773
2915 0.039960
2916 0.039755
2917 0.039587
2918 0.039402
2919 0.039402
2920 0.039623
2921 0.039438
2922 0.039236
2923 0.039053
2924 0.039053
2925 0.038871
2926 0.038689
2927 0.038689
2928 0.038509
2929 0.038329
2930 0.038150
2931 0.038346
2932 0.038185
2933 0.038364
2934 0.038364
2935 0.038185
2936 0.038006
2937 0.038006
2938 0.037829
2939 0.037829
2940 0.037829
2941 0.037635
2942 0.036992
2943 0.036820
2944 0.036648
2945 0.036993
2946 0.036820
2947 0.036820
2948 0.036631
2949 0.036631
2950 0.036665
2951 0.036960
2952 0.037219
2953 0.037045
2954 0.037219
2955 0.032629
2956 0.032477
2957 0.032886
2958 0.033040
2959 0.034422
2960 0.034422
2961 0.033865
2962 0.033788
2963 0.033788
2964 0.033210
2965 0.033070
2966 0.033070
2967 0.032841
2968 0.032841
2969 0.032224
2970 0.032074
2971 0.031924
2972 0.031775
2973 0.031233
2974 0.031512
2975 0.031365
2976 0.031440
2977 0.032634
2978 0.032619
2979 0.032772
2980 0.032604
2981 0.032452
2982 0.032604
2983 0.032452
2984 0.032787
2985 0.032787
2986 0.032787
2987 0.032560
2988 0.033035
2989 0.032881
2990 0.032712
2991 0.032400
2992 0.032400
2993 0.032400
2994 0.032581
2995 0.032719
2996 0.032566
2997 0.032414
2998 0.032414
2999 0.031955
3000 0.031719
3001 0.031867
3002 0.032017
3003 0.031867
3004 0.031719
3005 0.031719
3006 0.031585
3007 0.031060
3008 0.031262
3009 0.031628
3010 0.031495
3011 0.031348
3012 0.030840
3013 0.031130
3014 0.030985
3015 0.031715
3016 0.031715
3017 0.031357
3018 0.030850
3019 0.030706
3020 0.030562
3021 0.030420
3022 0.029988
3023 0.029988
3024 0.029848
3025 0.029709
3026 0.029570
3027 0.029709
3028 0.029668
3029 0.029821
3030 0.030229
3031 0.030074
3032 0.030343
3033 0.029378
3034 0.029241
3035 0.028202
3036 0.028467
3037 0.028601
3038 0.028467
3039 0.028601
3040 0.028467
3041 0.028601
3042 0.028614
3043 0.028480
3044 0.028347
3045 0.028215
3046 0.028215
3047 0.028083
3048 0.028334
3049 0.028334
3050 0.028202
3051 0.028474
3052 0.028608
3053 0.028474
3054 0.028341
3055 0.028209
3056 0.028699
3057 0.028847
3058 0.028712
3059 0.028712
3060 0.029553
3061 0.029428
3062 0.029291
3063 0.029154
3064 0.029141
3065 0.029141
3066 0.029141
3067 0.029005
3068 0.029005
3069 0.029509
3070 0.029371
3071 0.029371
3072 0.029221
3073 0.029084
3074 0.029549
3075 0.030785
3076 0.030655
3077 0.030512
3078 0.030512
3079 0.030370
3080 0.030221
3081 0.030221
3082 0.030234
3083 0.030093
3084 0.029945
3085 0.030227
3086 0.030085
3087 0.029599
3088 0.029504
3089 0.029367
3090 0.029216
3091 0.029080
3092 0.028944
3093 0.029363
3094 0.029747
3095 0.029747
3096 0.030779
3097 0.030766
3098 0.030896
3099 0.030896
3100 0.030737
3101 0.030594
3102 0.030451
3103 0.030071
3104 0.030085
3105 0.029571
3106 0.029066
3107 0.028930
3108 0.028795
3109 0.029701
3110 0.029221
3111 0.029221
3112 0.029257
3113 0.029257
3114 0.028905
3115 0.029230
3116 0.029107
3117 0.029367
3118 0.029260
3119 0.029124
3120 0.029027
3121 0.029027
3122 0.029163
3123 0.029027
3124 0.028892
3125 0.028892
3126 0.028757
3127 0.028623
3128 0.028610
3129 0.028476
3130 0.028951
3131 0.028829
3132 0.028842
3133 0.028964
3134 0.028829
3135 0.030288
3136 0.030288
3137 0.030430
3138 0.030288
3139 0.029771
3140 0.030417
3141 0.030275
3142 0.030545
3143 0.030531
3144 0.030518
3145 0.030375
3146 0.030267
3147 0.030098
3148 0.029958
3149 0.030112
3150 0.029985
3151 0.029845
3152 0.029706
3153 0.029567
3154 0.031767
3155 0.031767
3156 0.031604
3157 0.032378
3158 0.032925
3159 0.032772
3160 0.033341
3161 0.015028
3162 0.015112
3163 0.015041
3164 0.015074
3165 0.015004
3166 0.014974
3167 0.014910
3168 0.014980
3169 0.015312
3170 0.015467
3171 0.015467
3172 0.015539
3173 0.015467
3174 0.015467
3175 0.015395
3176 0.015402
3177 0.015203
3178 0.015209
3179 0.016481
3180 0.016404
3181 0.016940
3182 0.016933
3183 0.016854
3184 0.017447
3185 0.017357
3186 0.017276
3187 0.017196
3188 0.017397
3189 0.016599
3190 0.016316
3191 0.016685
3192 0.016921
3193 0.016921
3194 0.017127
3195 0.017039
3196 0.017119
3197 0.017119
3198 0.017199
3199 0.017119
3200 0.017272
3201 0.017321
3202 0.017286
3203 0.017286
3204 0.018474
3205 0.018607
3206 0.018607
3207 0.018626
3208 0.018567
3209 0.018480
3210 0.018250
3211 0.018250
3212 0.018164
3213 0.018241
3214 0.018645
3215 0.018558
3216 0.018472
3217 0.018472
3218 0.018472
3219 0.017915
3220 0.017831
3221 0.017692
3222 0.017907
3223 0.018092
3224 0.018007
3225 0.017915
3226 0.017831
3227 0.018202
3228 0.018117
3229 0.018117
3230 0.018518
3231 0.018928
3232 0.019899
3233 0.019983
3234 0.019890
3235 0.019797
3236 0.019983
3237 0.024969
3238 0.024875
3239 0.024863
3240 0.025028
3241 0.025028
3242 0.024912
3243 0.024912
3244 0.024795
3245 0.025074
3246 0.024957
3247 0.024900
3248 0.024900
3249 0.024784
3250 0.024784
3251 0.024784
3252 0.024679
3253 0.024679
3254 0.025063
3255 0.026483
3256 0.026607
3257 0.026607
3258 0.026943
3259 0.026817
3260 0.026692
3261 0.026692
3262 0.026716
3263 0.027029
3264 0.026903
3265 0.027218
3266 0.027230
3267 0.027628
3268 0.027640
3269 0.027511
3270 0.027640
3271 0.027511
3272 0.027894
3273 0.027764
3274 0.027752
3275 0.028366
3276 0.028366
3277 0.028221
3278 0.028089
3279 0.028089
3280 0.027329
3281 0.027201
3282 0.027062
3283 0.026948
3284 0.026948
3285 0.026947
3286 0.026947
3287 0.026822
3288 0.026696
3289 0.026809
3290 0.026809
3291 0.026672
3292 0.026672
3293 0.026548
3294 0.026424
3295 0.026312
3296 0.025984
3297 0.026106
3298 0.026291
3299 0.026181
3300 0.026058
3301 0.025878
3302 0.025878
3303 0.025999
3304 0.026097
3305 0.026098
3306 0.026415
3307 0.026292
3308 0.026415
3309 0.026427
3310 0.026304
3311 0.026551
3312 0.026963
3313 0.027102
3314 0.032841
3315 0.032673
3316 0.032659
3317 0.032841
3318 0.032688
3319 0.032535
3320 0.032550
3321 0.032383
3322 0.032232
3323 0.032082
3324 0.031932
3325 0.032383
3326 0.033018
3327 0.034051
3328 0.033892
3329 0.033657
3330 0.033500
3331 0.033195
3332 0.033351
3333 0.033195
3334 0.033427
3335 0.033271
3336 0.033100
3337 0.032946
3338 0.032946
3339 0.032792
3340 0.032639
3341 0.032487
3342 0.032335
3343 0.032184
3344 0.032335
3345 0.032639
3346 0.032639
3347 0.032486
3348 0.032335
3349 0.032487
3350 0.032335
3351 0.031961
3352 0.031415
3353 0.031415
3354 0.031562
3355 0.031023
3356 0.031023
3357 0.030878
3358 0.030734
3359 0.030878
3360 0.030878
3361 0.030878
3362 0.031710
3363 0.031710
3364 0.032008
3365 0.031859
3366 0.031261
3367 0.031261
3368 0.030755
3369 0.030755
3370 0.030611
3371 0.030815
3372 0.029451
3373 0.029313
3374 0.030656
3375 0.031796
3376 0.031782
3377 0.031619
3378 0.031472
3379 0.031325
3380 0.030790
3381 0.030790
3382 0.030790
3383 0.030776
3384 0.030632
3385 0.030489
3386 0.030294
3387 0.030153
3388 0.030166
3389 0.029678
3390 0.031778
3391 0.032179
3392 0.032029
3393 0.032165
3394 0.032015
3395 0.032165
3396 0.032015
3397 0.031865
3398 0.032015
3399 0.031851
3400 0.032150
3401 0.032000
3402 0.031468
3403 0.030930
3404 0.030786
3405 0.030643
3406 0.031454
3407 0.031616
3408 0.031468
3409 0.031602
3410 0.031454
3411 0.031307
3412 0.031161
3413 0.031175
3414 0.031175
3415 0.032497
3416 0.032345
3417 0.032194
3418 0.031793
3419 0.031630
3420 0.031468
3421 0.031468
3422 0.031468
3423 0.031307
3424 0.030786
3425 0.030694
3426 0.030551
3427 0.030565
3428 0.031712
3429 0.031170
3430 0.031025
3431 0.031958
3432 0.031809
3433 0.032234
3434 0.032084
3435 0.032084
3436 0.031935
3437 0.032158
3438 0.031608
3439 0.031461
3440 0.031757
3441 0.031906
3442 0.032055
3443 0.032055
3444 0.032055
3445 0.031508
3446 0.031361
3447 0.031347
3448 0.031332
3449 0.031186
3450 0.031055
3451 0.030924
3452 0.031461
3453 0.031314
3454 0.031243
3455 0.030709
3456 0.032616
3457 0.032464
3458 0.032103
3459 0.035355
3460 0.035355
3461 0.035583
3462 0.035416
3463 0.035339
3464 0.035174
3465 0.035190
3466 0.035026
3467 0.034459
3468 0.034060
3469 0.034076
3470 0.034106
3471 0.034106
3472 0.033554
3473 0.033398
3474 0.032477
3475 0.032325
3476 0.032629
3477 0.032477
3478 0.032492
3479 0.032698
3480 0.032698
3481 0.032732
3482 0.032579
3483 0.033069
3484 0.032505
3485 0.032657
3486 0.033224
3487 0.033395
3488 0.033694
3489 0.033537
3490 0.033694
3491 0.033537
3492 0.033365
3493 0.033583
3494 0.033883
3495 0.034311
3496 0.034634
3497 0.034456
3498 0.034457
3499 0.034296
3500 0.033741
3501 0.033930
3502 0.034182
3503 0.034182
3504 0.033598
3505 0.033741
3506 0.033741
3507 0.033741
3508 0.033583
3509 0.033426
3510 0.033426
3511 0.033614
3512 0.033457
3513 0.033457
3514 0.033300
3515 0.033145
3516 0.032550
3517 0.032703
3518 0.032688
3519 0.032917
3520 0.032917
3521 0.032763
3522 0.032610
3523 0.032458
3524 0.031534
3525 0.031373
3526 0.031212
3527 0.031066
3528 0.030907
3529 0.030837
3530 0.030837
3531 0.030693
3532 0.030637
3533 0.030494
3534 0.030494
3535 0.030352
3536 0.030623
3537 0.030480
3538 0.030982
3539 0.033192
3540 0.033348
3541 0.033192
3542 0.033596
3543 0.033439
3544 0.033596
3545 0.033738
3546 0.033581
3547 0.033815
3548 0.033657
3549 0.033500
3550 0.032958
3551 0.032958
3552 0.032958
3553 0.033112
3554 0.034481
3555 0.034421
3556 0.035248
3557 0.034840
3558 0.035248
3559 0.035084
3560 0.034484
3561 0.034567
3562 0.034406
3563 0.034988
3564 0.034825
3565 0.034646
3566 0.034484
3567 0.034484
3568 0.034323
3569 0.034646
3570 0.034646
3571 0.034484
3572 0.034500
3573 0.034339
3574 0.034179
3575 0.034019
3576 0.033860
3577 0.033860
3578 0.033702
3579 0.033545
3580 0.033388
3581 0.033232
3582 0.034648
3583 0.035464
3584 0.035315
3585 0.035150
3586 0.035396
3587 0.035412
3588 0.035578
3589 0.035978
3590 0.036163
3591 0.036333
3592 0.035836
3593 0.035668
3594 0.035502
3595 0.035336
3596 0.035171
3597 0.034586
3598 0.034425
3599 0.034248
3600 0.034069
3601 0.033910
3602 0.035099
3603 0.035264
3604 0.034661
3605 0.034500
3606 0.034338
3607 0.034338
3608 0.034484
3609 0.034323
3610 0.034163
3611 0.034003
3612 0.034594
3613 0.034432
3614 0.035015
3615 0.034851
3616 0.034689
3617 0.034689
3618 0.034836
3619 0.034673
3620 0.034112
3621 0.034160
3622 0.034000
3623 0.033450
3624 0.033450
3625 0.033450
3626 0.033278
3627 0.033278
3628 0.033123
3629 0.033138
3630 0.032983
3631 0.034374
3632 0.034358
3633 0.033771
3634 0.033756
3635 0.033598
3636 0.033756
3637 0.033756
3638 0.032836
3639 0.033005
3640 0.034307
3641 0.034291
3642 0.034131
3643 0.033705
3644 0.033548
3645 0.033160
3646 0.033005
3647 0.032866
3648 0.032471
3649 0.032319
3650 0.032866
3651 0.032712
3652 0.032560
3653 0.032698
3654 0.032866
3655 0.032698
3656 0.033452
3657 0.033326
3658 0.033170
3659 0.033016
3660 0.033170
3661 0.033326
3662 0.033326
3663 0.033170
3664 0.032527
3665 0.032527
3666 0.032541
3667 0.033433
3668 0.033277
3669 0.033433
3670 0.033433
3671 0.033433
3672 0.032892
3673 0.033046
3674 0.033046
3675 0.033046
3676 0.033760
3677 0.033602
3678 0.033603
3679 0.033126
3680 0.033640
3681 0.033798
3682 0.033798
3683 0.034003
3684 0.033844
3685 0.035742
3686 0.035909
3687 0.035742
3688 0.036636
3689 0.036011
3690 0.035843
3691 0.035826
3692 0.035397
3693 0.036012
3694 0.036521
3695 0.036350
3696 0.036350
3697 0.036164
3698 0.035996
3699 0.035811
3700 0.035660
3701 0.035660
3702 0.035510
3703 0.035328
3704 0.035312
3705 0.035147
3706 0.035147
3707 0.034983
3708 0.034983
3709 0.034983
3710 0.035131
3711 0.034967
3712 0.034967
3713 0.034788
3714 0.034194
3715 0.034034
3716 0.034179
3717 0.034019
3718 0.032937
3719 0.032783
3720 0.032922
3721 0.032922
3722 0.032768
3723 0.032922
3724 0.032937
3725 0.032526
3726 0.032511
3727 0.032437
3728 0.032971
3729 0.032817
3730 0.032437
3731 0.032638
3732 0.032776
3733 0.032623
3734 0.032623
3735 0.032471
3736 0.032319
3737 0.032183
3738 0.032033
3739 0.031883
3740 0.031734
3741 0.031648
3742 0.031471
3743 0.031619
3744 0.033671
3745 0.033829
3746 0.034219
3747 0.034219
3748 0.034219
3749 0.034044
3750 0.033885
3751 0.033727
3752 0.033727
3753 0.033337
3754 0.033337
3755 0.033181
3756 0.033463
3757 0.033463
3758 0.033306
3759 0.033151
3760 0.032996
3761 0.032842
3762 0.032689
3763 0.032536
3764 0.032536
3765 0.032369
3766 0.032204
3767 0.032189
3768 0.032039
3769 0.031889
3770 0.032068
3771 0.032068
3772 0.031988
3773 0.032362
3774 0.032377
3775 0.031868
3776 0.031719
3777 0.031571
3778 0.031791
3779 0.031657
3780 0.031657
3781 0.031657
3782 0.031509
3783 0.031509
3784 0.031509
3785 0.031377
3786 0.031377
3787 0.028316
3788 0.028717
3789 0.028492
3790 0.028359
3791 0.028359
3792 0.028734
3793 0.029925
3794 0.029925
3795 0.029785
3796 0.030092
3797 0.030532
3798 0.030847
3799 0.030320
3800 0.030328
3801 0.030172
3802 0.030456
3803 0.030314
3804 0.030172
3805 0.030031
3806 0.030031
3807 0.029891
3808 0.030045
3809 0.029905
3810 0.029765
3811 0.029394
3812 0.029257
3813 0.029120
3814 0.029120
3815 0.029270
3816 0.029120
3817 0.029243
3818 0.028744
3819 0.028744
3820 0.028610
3821 0.028463
3822 0.028463
3823 0.028330
3824 0.028330
3825 0.028185
3826 0.027537
3827 0.027449
3828 0.027321
3829 0.027194
3830 0.027194
3831 0.028722
3832 0.028722
3833 0.028390
3834 0.028257
3835 0.028125
3836 0.028125
3837 0.027994
3838 0.028257
3839 0.027775
3840 0.028657
3841 0.028523
3842 0.028390
3843 0.028257
3844 0.027775
3845 0.027466
3846 0.027466
3847 0.028576
3848 0.028710
3849 0.028576
3850 0.028443
3851 0.028310
3852 0.028310
3853 0.028178
3854 0.028046
3855 0.027915
3856 0.027915
3857 0.027915
3858 0.028059
3859 0.027661
3860 0.027532
3861 0.027532
3862 0.027086
3863 0.027947
3864 0.028394
3865 0.028381
3866 0.014862
3867 0.015009
3868 0.016868
3869 0.017226
3870 0.017153
3871 0.017153
3872 0.017073
3873 0.017073
3874 0.017161
3875 0.017081
3876 0.017001
3877 0.016797
3878 0.017565
3879 0.018446
3880 0.018438
3881 0.018532
3882 0.018532
3883 0.018532
3884 0.018619
3885 0.018883
3886 0.019193
3887 0.016798
3888 0.016798
3889 0.016720
3890 0.016720
3891 0.016791
3892 0.016712
3893 0.016427
3894 0.016420
3895 0.016343
3896 0.016260
3897 0.007247
3898 0.007210
3899 0.010103
3900 0.010230
3901 0.010380
3902 0.010380
3903 0.010865
3904 0.010967
3905 0.011019
3906 0.011201
3907 0.011689
3908 0.011689
3909 0.011689
3910 0.011635
3911 0.011635
3912 0.011635
3913 0.011826
3914 0.011658
3915 0.011653
3916 0.011821
3917 0.012393
3918 0.012451
3919 0.012961
3920 0.013186
3921 0.013089
3922 0.013028
3923 0.013083
3924 0.013138
3925 0.013138
3926 0.013200
3927 0.013294
3928 0.013294
3929 0.013419
3930 0.013419
3931 0.013466
3932 0.013466
3933 0.013770
3934 0.013706
3935 0.013648
3936 0.013584
3937 0.013739
3938 0.013675
3939 0.013498
3940 0.013568
3941 0.013574
3942 0.013510
3943 0.013516
3944 0.013423
3945 0.013538
3946 0.013665
3947 0.013601
3948 0.013346
3949 0.013346
3950 0.013508
3951 0.013445
3952 0.013445
3953 0.013673
3954 0.013629
3955 0.013629
3956 0.013623
3957 0.013674
3958 0.013516
3959 0.013611
3960 0.013384
3961 0.013319
3962 0.014913
3963 0.014672
3964 0.014672
3965 0.014603
3966 0.017459
3967 0.017377
3968 0.017377
3969 0.017369
3970 0.017369
3971 0.017451
3972 0.017466
3973 0.017264
3974 0.017647
3975 0.017647
3976 0.017647
3977 0.017564
3978 0.017482
3979 0.017482
3980 0.017556
3981 0.017474
3982 0.017474
3983 0.017474
3984 0.017176
3985 0.017096
3986 0.015214
3987 0.015214
3988 0.014135
3989 0.014866
3990 0.015143
3991 0.015143
3992 0.015544
3993 0.015472
3994 0.015433
3995 0.015639
3996 0.015860
3997 0.015793
3998 0.015719
3999 0.016089
4000 0.016707
4001 0.016629
4002 0.016778
4003 0.013530
4004 0.013925
4005 0.013931
4006 0.013925
4007 0.013860
4008 0.013789
4009 0.013919
4010 0.013764
4011 0.013965
4012 0.013965
4013 0.014061
4014 0.015183
4015 0.015261
4016 0.015190
4017 0.015190
4018 0.015359
4019 0.015359
4020 0.016310
4021 0.016341
4022 0.016265
4023 0.016189
4024 0.016113
4025 0.016106
4026 0.016106
4027 0.016031
4028 0.015949
4029 0.015455
4030 0.015797
4031 0.015797
4032 0.015724
4033 0.017682
4034 0.017765
4035 0.019594
4036 0.018367
4037 0.018367
4038 0.018635
4039 0.018722
4040 0.019512
4041 0.019421
4042 0.019512
4043 0.019834
4044 0.020106
4045 0.020012
4046 0.019918
4047 0.019909
4048 0.019816
4049 0.019724
4050 0.019641
4051 0.019549
4052 0.019549
4053 0.019458
4054 0.019449
4055 0.019358
4056 0.019358
4057 0.019358
4058 0.019358
4059 0.019045
4060 0.019045
4061 0.018719
4062 0.018503
4063 0.018503
4064 0.018203
4065 0.018203
4066 0.018118
4067 0.018034
4068 0.017950
4069 0.017866
4070 0.017774
4071 0.017691
4072 0.017683
4073 0.017691
4074 0.017609
4075 0.017526
4076 0.019463
4077 0.019372
4078 0.019381
4079 0.018764
4080 0.018773
4081 0.018685
4082 0.018861
4083 0.020373
4084 0.020468
4085 0.020364
4086 0.020666
4087 0.020666
4088 0.020666
4089 0.020841
4090 0.020841
4091 0.020841
4092 0.010914
4093 0.011494
4094 0.011494
4095 0.011489
4096 0.011618
4097 0.011564
4098 0.011559
4099 0.011505
4100 0.011673
4101 0.011843
4102 0.011788
4103 0.011651
4104 0.011843
4105 0.012848
4106 0.012836
4107 0.012957
4108 0.013146
4109 0.013395
4110 0.014241
4111 0.014175
4112 0.014102
4113 0.014102
4114 0.014168
4115 0.014175
4116 0.014241
4117 0.014181
4118 0.014181
4119 0.014115
4120 0.014049
4121 0.014056
4122 0.014056
4123 0.014056
4124 0.014194
4125 0.014128
4126 0.014502
4127 0.014434
4128 0.014367
4129 0.014122
4130 0.014321
4131 0.014382
4132 0.014382
4133 0.014463
4134 0.016937
4135 0.016726
4136 0.016648
4137 0.016611
4138 0.016534
4139 0.016611
4140 0.016534
4141 0.016534
4142 0.016456
4143 0.016611
4144 0.016611
4145 0.016604
4146 0.016752
4147 0.016674
4148 0.016596
4149 0.016519
4150 0.016596
4151 0.016519
4152 0.016519
4153 0.016902
4154 0.016910
4155 0.016997
4156 0.016917
4157 0.016917
4158 0.016838
4159 0.016760
4160 0.016681
4161 0.016681
4162 0.016760
4163 0.016760
4164 0.016681
4165 0.016681
4166 0.016681
4167 0.016604
4168 0.016596
4169 0.016519
4170 0.016441
4171 0.016365
4172 0.016449
4173 0.016534
4174 0.016767
4175 0.016481
4176 0.016404
4177 0.016327
4178 0.016327
4179 0.016063
4180 0.016056
4181 0.015981
4182 0.015715
4183 0.015789
4184 0.015782
4185 0.015782
4186 0.015708
4187 0.017310
4188 0.017925
4189 0.017842
4190 0.017553
4191 0.017471
4192 0.017463
4193 0.017545
4194 0.017710
4195 0.017718
4196 0.017718
4197 0.017467
4198 0.017845
4199 0.017845
4200 0.017762
4201 0.017475
4202 0.017664
4203 0.019419
4204 0.019419
4205 0.019601
4206 0.019693
4207 0.010313
4208 0.010313
4209 0.010265
4210 0.011052
4211 0.011052
4212 0.010844
4213 0.011464
4214 0.011410
4215 0.012161
4216 0.012104
4217 0.011908
4218 0.011853
4219 0.011771
4220 0.011716
4221 0.012100
4222 0.012038
4223 0.011982
4224 0.012414
4225 0.012356
4226 0.012298
4227 0.012618
4228 0.012565
4229 0.012565
4230 0.012559
4231 0.012618
4232 0.023983
4233 0.023871
4234 0.023543
4235 0.023533
4236 0.023423
4237 0.023131
4238 0.023239
4239 0.023131
4240 0.023023
4241 0.022915
4242 0.022915
4243 0.024103
4244 0.023990
4245 0.023878
4246 0.024168
4247 0.024168
4248 0.024270
4249 0.024186
4250 0.024073
4251 0.024062
4252 0.025296
4253 0.025296
4254 0.025178
4255 0.026902
4256 0.026789
4257 0.026676
4258 0.026676
4259 0.026421
4260 0.026421
4261 0.026298
4262 0.026175
4263 0.026175
4264 0.026298
4265 0.026286
4266 0.026151
4267 0.029576
4268 0.029084
4269 0.028948
4270 0.028813
4271 0.028813
4272 0.028679
4273 0.029120
4274 0.028984
4275 0.028849
4276 0.028849
4277 0.028727
4278 0.028616
4279 0.028482
4280 0.028629
4281 0.028495
4282 0.028495
4283 0.028362
4284 0.028495
4285 0.028362
4286 0.028362
4287 0.028336
4288 0.028336
4289 0.028204
4290 0.028456
4291 0.028577
4292 0.028577
4293 0.027517
4294 0.027388
4295 0.027260
4296 0.026920
4297 0.026795
4298 0.026920
4299 0.026807
4300 0.026579
4301 0.026455
4302 0.026455
4303 0.026331
4304 0.026027
4305 0.025905
4306 0.025582
4307 0.025594
4308 0.026063
4309 0.025942
4310 0.025965
4311 0.026392
4312 0.026269
4313 0.026257
4314 0.026135
4315 0.026013
4316 0.026123
4317 0.025786
4318 0.025666
4319 0.025421
4320 0.025291
4321 0.025172
4322 0.025044
4323 0.024616
4324 0.024490
4325 0.024743
4326 0.024079
4327 0.023966
4328 0.023966
4329 0.023854
4330 0.023854
4331 0.023966
4332 0.024203
4333 0.025362
4334 0.013281
4335 0.013518
4336 0.013518
4337 0.014064
4338 0.013999
4339 0.013933
4340 0.007349
4341 0.007346
4342 0.007312
4343 0.007462
4344 0.007458
4345 0.007331
4346 0.007331
4347 0.007206
4348 0.007206
4349 0.009120
4350 0.009232
4351 0.010101
4352 0.010276
4353 0.010285
4354 0.008924
4355 0.008883
4356 0.009057
4357 0.009057
4358 0.009014
4359 0.004018
4360 0.004035
4361 0.004153
4362 0.004527
4363 0.004771
4364 0.004962
4365 0.004936
4366 0.004913
4367 0.004928
4368 0.004951
4369 0.005685
4370 0.006271
4371 0.006344
4372 0.006859
4373 0.007181
4374 0.007148
4375 0.007610
4376 0.007645
4377 0.007486
4378 0.007809
4379 0.007845
4380 0.009458
4381 0.010275
4382 0.011328
4383 0.011614
4384 0.011723
4385 0.011668
4386 0.012643
4387 0.012584
4388 0.012525
4389 0.013586
4390 0.013963
4391 0.013904
4392 0.013839
4393 0.013904
4394 0.013839
4395 0.013858
4396 0.016905
4397 0.016826
4398 0.016747
4399 0.016669
4400 0.017837
4401 0.018005
4402 0.017913
4403 0.017913
4404 0.017829
4405 0.017746
4406 0.017790
4407 0.017790
4408 0.017707
4409 0.017881
4410 0.017798
4411 0.018481
4412 0.018811
4413 0.019421
4414 0.019100
4415 0.019011
4416 0.019432
4417 0.019707
4418 0.019615
4419 0.019615
4420 0.019523
4421 0.019432
4422 0.019432
4423 0.020079
4424 0.020035
4425 0.020044
4426 0.020184
4427 0.020184
4428 0.020090
4429 0.020090
4430 0.019384
4431 0.019294
4432 0.019294
4433 0.020251
4434 0.020442
4435 0.020346
4436 0.020992
4437 0.020894
4438 0.020894
4439 0.020796
4440 0.020699
4441 0.021853
4442 0.021853
4443 0.021853
4444 0.021751
4445 0.021751
4446 0.021650
4447 0.021549
4448 0.021280
4449 0.021380
4450 0.021280
4451 0.021015
4452 0.020674
4453 0.022323
4454 0.022219
4455 0.022219
4456 0.022333
4457 0.022229
4458 0.021943
4459 0.021841
4460 0.021569
4461 0.021468
4462 0.022157
4463 0.022054
4464 0.022054
4465 0.022054
4466 0.022054
4467 0.022054
4468 0.021951
4469 0.021951
4470 0.022147
4471 0.022127
4472 0.022231
4473 0.022127
4474 0.022033
4475 0.021931
4476 0.022786
4477 0.022680
4478 0.020310
4479 0.020215
4480 0.020470
4481 0.020375
4482 0.020280
4483 0.021913
4484 0.021913
4485 0.021810
4486 0.021709
4487 0.022238
4488 0.022498
4489 0.022604
4490 0.022498
4491 0.022889
4492 0.023104
4493 0.023529
4494 0.023105
4495 0.022998
4496 0.022890
4497 0.022817
4498 0.022721
4499 0.022615
4500 0.022615
4501 0.022509
4502 0.022404
4503 0.022300
4504 0.022196
4505 0.022092
4506 0.022196
4507 0.022092
4508 0.022300
4509 0.022594
4510 0.022594
4511 0.022594
4512 0.023084
4513 0.012145
4514 0.012061
4515 0.012949
4516 0.013015
4517 0.014112
4518 0.013912
4519 0.013912
4520 0.013912
4521 0.015243
4522 0.015172
4523 0.018041
4524 0.021946
4525 0.021844
4526 0.021742
4527 0.021640
4528 0.021539
4529 0.025204
4530 0.025098
4531 0.025098
4532 0.024981
4533 0.024981
4534 0.024505
4535 0.024390
4536 0.024276
4537 0.024163
4538 0.024050
4539 0.024050
4540 0.024061
4541 0.024050
4542 0.024050
4543 0.024152
4544 0.024039
4545 0.024039
4546 0.023927
4547 0.023864
4548 0.023864
4549 0.026253
4550 0.027497
4551 0.027369
4552 0.027241
4553 0.027241
4554 0.027228
4555 0.029916
4556 0.030056
4557 0.029916
4558 0.029776
4559 0.029637
4560 0.029499
4561 0.029021
4562 0.028147
4563 0.028147
4564 0.028398
4565 0.028266
4566 0.028398
4567 0.028266
4568 0.027645
4569 0.027645
4570 0.027516
4571 0.027388
4572 0.027579
4573 0.027450
4574 0.027322
4575 0.027194
4576 0.027067
4577 0.026855
4578 0.026730
4579 0.027343
4580 0.027002
4581 0.027002
4582 0.027002
4583 0.026876
4584 0.025433
4585 0.025314
4586 0.025325
4587 0.025785
4588 0.025665
4589 0.025989
4590 0.025867
4591 0.025879
4592 0.025746
4593 0.025626
4594 0.025318
4595 0.038857
4596 0.038857
4597 0.038676
4598 0.038495
4599 0.038419
4600 0.038240
4601 0.038044
4602 0.037850
4603 0.037673
4604 0.037673
4605 0.037497
4606 0.037322
4607 0.037148
4608 0.036974
4609 0.036802
4610 0.036630
4611 0.036459
4612 0.036289
4613 0.036119
4614 0.035951
4615 0.039156
4616 0.038974
4617 0.038792
4618 0.038611
4619 0.038792
4620 0.038611
4621 0.038430
4622 0.038251
4623 0.037598
4624 0.037422
4625 0.038084
4626 0.037906
4627 0.037712
4628 0.037536
4629 0.037536
4630 0.037361
4631 0.036739
4632 0.036739
4633 0.041301
4634 0.041089
4635 0.040898
4636 0.040898
4637 0.040879
4638 0.040688
4639 0.040498
4640 0.040498
4641 0.040480
4642 0.040291
4643 0.040121
4644 0.039934
4645 0.039747
4646 0.039562
4647 0.039377
4648 0.039652
4649 0.039449
4650 0.039265
4651 0.039081
4652 0.038899
4653 0.038899
4654 0.038717
4655 0.038536
4656 0.038356
4657 0.038356
4658 0.038356
4659 0.038177
4660 0.038016
4661 0.037839
4662 0.038016
4663 0.037839
4664 0.037839
4665 0.037193
4666 0.036494
4667 0.036324
4668 0.036154
4669 0.036154
4670 0.036154
4671 0.035985
4672 0.035817
4673 0.035371
4674 0.035704
4675 0.035290
4676 0.033043
4677 0.033043
4678 0.033043
4679 0.032479
4680 0.032859
4681 0.032705
4682 0.032552
4683 0.032400
4684 0.035434
4685 0.035269
4686 0.034769
4687 0.034606
4688 0.034607
4689 0.034607
4690 0.034769
4691 0.034769
4692 0.034607
4693 0.038072
4694 0.037895
4695 0.038373
4696 0.040438
4697 0.040438
4698 0.039864
4699 0.039678
4700 0.039678
4701 0.039493
4702 0.039511
4703 0.039326
4704 0.039143
4705 0.038960
4706 0.038778
4707 0.038778
4708 0.038597
4709 0.038597
4710 0.038597
4711 0.038597
4712 0.038417
4713 0.038417
4714 0.038237
4715 0.038237
4716 0.037778
4717 0.037601
4718 0.037426
4719 0.037251
4720 0.037060
4721 0.037060
4722 0.036887
4723 0.036715
4724 0.036698
4725 0.036870
4726 0.037753
4727 0.037576
4728 0.037576
4729 0.037576
4730 0.037049
4731 0.037049
4732 0.036876
4733 0.036704
4734 0.036533
4735 0.036362
4736 0.036192
4737 0.035574
4738 0.035408
4739 0.035408
4740 0.035243
4741 0.035078
4742 0.034510
4743 0.034349
4744 0.034189
4745 0.034029
4746 0.033870
4747 0.034520
4748 0.034344
4749 0.034168
4750 0.034008
4751 0.033993
4752 0.033993
4753 0.033993
4754 0.033834
4755 0.033676
4756 0.033504
4757 0.032931
4758 0.032793
4759 0.032233
4760 0.032233
4761 0.032082
4762 0.031932
4763 0.031479
4764 0.031332
4765 0.031186
4766 0.026623
4767 0.026510
4768 0.026971
4769 0.026971
4770 0.026833
4771 0.026732
4772 0.026607
4773 0.026483
4774 0.027984
4775 0.027853
4776 0.027723
4777 0.028617
4778 0.029000
4779 0.029000
4780 0.029123
4781 0.028773
4782 0.028908
4783 0.028908
4784 0.029727
4785 0.029273
4786 0.029781
4787 0.029642
4788 0.029642
4789 0.029849
4790 0.030151
4791 0.030151
4792 0.030292
4793 0.030448
4794 0.031903
4795 0.031754
4796 0.031754
4797 0.031606
4798 0.031888
4799 0.031888
4800 0.031888
4801 0.031889
4802 0.031740
4803 0.031740
4804 0.031740
4805 0.016621
4806 0.016613
4807 0.016621
4808 0.016706
4809 0.016785
4810 0.016785
4811 0.016706
4812 0.016436
4813 0.016359
4814 0.015839
4815 0.015839
4816 0.015906
4817 0.015831
4818 0.016738
4819 0.017028
4820 0.017028
4821 0.016949
4822 0.016870
4823 0.016597
4824 0.017013
4825 0.020533
4826 0.020542
4827 0.020533
4828 0.020804
4829 0.020813
4830 0.020716
4831 0.020381
4832 0.020295
4833 0.020295
4834 0.020200
4835 0.020200
